0.907931225735 	0.866888519135 	0.821963394343 	0.762617859124 	 
0.941540191119 	0.896571107364 	0.831365935919 	0.764474423834 	 
0.925087108014 	0.876887340302 	0.80487804878 	0.708478513357 	 
0.932665553701 	0.884808013356 	0.849749582638 	0.825820812465 	 
0.920182440137 	0.875142531357 	0.812998859749 	0.39566704675 	 
0.930825242718 	0.878033980583 	0.831310679612 	0.143203883495 	 
0.934624697337 	0.887409200969 	0.838377723971 	0.734866828087 	 
0.925293489861 	0.882604055496 	0.834578441836 	0.771077908218 	 
0.922471910112 	0.861235955056 	0.808426966292 	0.775842696629 	 
0.924657534247 	0.86700913242 	0.810502283105 	0.745433789954 	 
0.893510815308 	0.852468108708 	0.825845812535 	0.786466999445 	 
0.929173693086 	0.884766722878 	0.822372119168 	0.797077009556 	 
0.91231126597 	0.858885017422 	0.819396051103 	0.771777003484 	 
0.915971062883 	0.870895937674 	0.831942125765 	0.760155815248 	 
0.900798175599 	0.850057012543 	0.802736602052 	0.433295324971 	 
0.914441747573 	0.868325242718 	0.818567961165 	0.245145631068 	 
0.917070217918 	0.869249394673 	0.832324455206 	0.812953995157 	 
0.911953041622 	0.869263607257 	0.835112059765 	0.803628601921 	 
0.896629213483 	0.843258426966 	0.801685393258 	0.784831460674 	 
0.90296803653 	0.854452054795 	0.811073059361 	0.740867579909 	 
0.894620077648 	0.853577371048 	0.810870770937 	0.770382695507 	 
0.931422147274 	0.887577290613 	0.827431141091 	0.783024170883 	 
0.91231126597 	0.861788617886 	0.813008130081 	0.730545876887 	 
0.920422927101 	0.879243183083 	0.840289371174 	0.762381747357 	 
0.903648802737 	0.859179019384 	0.799315849487 	0.403078677309 	 
0.920509708738 	0.871359223301 	0.816747572816 	0.146237864078 	 
0.921307506053 	0.878934624697 	0.831719128329 	0.819612590799 	 
0.911953041622 	0.870330843116 	0.842582710779 	0.815368196371 	 
0.900561797753 	0.843258426966 	0.80393258427 	0.781460674157 	 
0.91095890411 	0.857876712329 	0.803082191781 	0.755707762557 	 
0.895174708819 	0.855795895729 	0.818080976151 	0.758180809762 	 
0.933670601461 	0.890387858347 	0.829117481731 	0.754356379989 	 
0.915795586527 	0.869337979094 	0.810104529617 	0.735772357724 	 
0.924318308292 	0.879243183083 	0.841958820256 	0.774067890929 	 
0.906499429875 	0.86488027366 	0.807867730901 	0.402508551881 	 
0.922330097087 	0.872572815534 	0.825849514563 	0.145631067961 	 
0.923123486683 	0.88196125908 	0.835351089588 	0.81598062954 	 
0.916221985059 	0.876734258271 	0.84151547492 	0.822305229456 	 
0.905617977528 	0.84606741573 	0.801685393258 	0.762921348315 	 
0.91095890411 	0.859589041096 	0.798515981735 	0.751712328767 	 
0.89794786467 	0.85801442041 	0.817526344981 	0.758735440932 	 
0.935919055649 	0.891512085441 	0.829117481731 	0.756604834177 	 
0.916957026713 	0.868757259001 	0.808362369338 	0.738095238095 	 
0.923205342237 	0.878686700056 	0.848080133556 	0.786867000556 	 
0.90763968073 	0.865450399088 	0.810148232611 	0.400798175599 	 
0.924150485437 	0.872572815534 	0.82645631068 	0.146844660194 	 
0.926755447942 	0.883777239709 	0.835351089588 	0.817796610169 	 
0.916221985059 	0.87833511206 	0.84204909285 	0.814834578442 	 
0.908988764045 	0.848876404494 	0.805617977528 	0.77191011236 	 
0.913242009132 	0.863584474886 	0.795091324201 	0.754566210046 	 
0.902939545202 	0.861896838602 	0.821963394343 	0.750970604548 	 
0.937043282743 	0.894322653176 	0.829117481731 	0.762788083193 	 
0.918699186992 	0.871080139373 	0.802555168409 	0.739256678281 	 
0.926544240401 	0.880912632165 	0.846410684474 	0.809126321647 	 
0.911060433295 	0.867160775371 	0.811858608894 	0.397947548461 	 
0.927184466019 	0.875 	0.827063106796 	0.146844660194 	 
0.928571428571 	0.884382566586 	0.836561743341 	0.808716707022 	 
0.919957310566 	0.879402347919 	0.845784418356 	0.799893276414 	 
0.912359550562 	0.852247191011 	0.805056179775 	0.773033707865 	 
0.916095890411 	0.86301369863 	0.797374429224 	0.745433789954 	 
0.904603438713 	0.865224625624 	0.823072656683 	0.756516916251 	 
0.938729623384 	0.894884766723 	0.824620573356 	0.76335019674 	 
0.919860627178 	0.872241579559 	0.798490127758 	0.735191637631 	 
0.928213689482 	0.882582081247 	0.846410684474 	0.823594880356 	 
0.913340935006 	0.870581527936 	0.809007981756 	0.401368301026 	 
0.928398058252 	0.875 	0.828276699029 	0.147451456311 	 
0.930387409201 	0.884987893462 	0.838983050847 	0.771186440678 	 
0.919957310566 	0.879402347919 	0.840448239061 	0.787620064034 	 
0.915168539326 	0.856179775281 	0.805056179775 	0.772471910112 	 
0.917808219178 	0.865296803653 	0.801369863014 	0.745433789954 	 
0.912922906267 	0.866333887965 	0.81641708264 	0.75540765391 	 
0.940415964025 	0.889263631254 	0.82012366498 	0.741427768409 	 
0.93031358885 	0.87456445993 	0.763066202091 	0.609175377468 	 
0.935447968837 	0.888703394546 	0.844184752365 	0.829159710629 	 
0.923603192702 	0.873432155074 	0.80330672748 	0.307297605473 	 
0.929004854369 	0.871359223301 	0.805825242718 	0.582524271845 	 
0.940677966102 	0.886803874092 	0.831113801453 	0.598062953995 	 
0.92689434365 	0.875133404482 	0.811632870864 	0.712379935966 	 
0.924719101124 	0.862921348315 	0.792696629213 	0.761797752809 	 
0.926369863014 	0.863584474886 	0.794520547945 	0.696347031963 	 
0.892401552967 	0.848585690516 	0.812534664448 	0.783139212424 	 
0.926925238898 	0.88251826869 	0.817875210793 	0.786958965711 	 
0.909988385598 	0.857723577236 	0.819396051103 	0.763646922184 	 
0.915971062883 	0.869782971619 	0.829716193656 	0.762381747357 	 
0.899657924743 	0.84606613455 	0.802166476625 	0.767388825542 	 
0.91322815534 	0.864684466019 	0.815533980583 	0.683252427184 	 
0.917070217918 	0.867433414044 	0.833535108959 	0.812348668281 	 
0.910352187834 	0.86606189968 	0.834044823906 	0.799359658485 	 
0.893820224719 	0.842134831461 	0.799438202247 	0.76797752809 	 
0.901826484018 	0.852168949772 	0.807077625571 	0.722602739726 	 
0.895729339989 	0.846921797005 	0.807542983916 	0.759290072102 	 
0.93029792018 	0.885890949972 	0.820685778527 	0.754356379989 	 
0.91231126597 	0.860046457607 	0.807200929152 	0.695702671312 	 
0.920979410128 	0.879243183083 	0.840845854201 	0.763494713411 	 
0.905929304447 	0.855758266819 	0.795324971494 	0.704675028506 	 
0.921723300971 	0.870145631068 	0.811286407767 	0.628640776699 	 
0.920702179177 	0.877118644068 	0.834745762712 	0.807506053269 	 
0.91408751334 	0.867129135539 	0.838847385272 	0.751334044824 	 
0.900561797753 	0.844943820225 	0.798314606742 	0.765168539326 	 
0.908675799087 	0.85502283105 	0.793378995434 	0.730593607306 	 
0.899057127011 	0.852468108708 	0.804769828064 	0.745978924016 	 
0.931984260821 	0.885890949972 	0.810567734682 	0.721753794266 	 
0.91637630662 	0.868757259001 	0.785714285714 	0.702671312427 	 
0.92264885921 	0.880912632165 	0.836950473011 	0.77796327212 	 
0.907069555302 	0.86259977195 	0.80102622577 	0.598061573546 	 
0.924150485437 	0.872572815534 	0.808859223301 	0.629854368932 	 
0.922518159806 	0.883777239709 	0.829297820823 	0.800242130751 	 
0.916221985059 	0.874599786553 	0.837780149413 	0.71985058698 	 
0.904494382022 	0.84606741573 	0.797752808989 	0.747191011236 	 
0.91095890411 	0.856164383562 	0.784817351598 	0.706050228311 	 
0.904603438713 	0.85801442041 	0.807542983916 	0.750415973378 	 
0.935356942102 	0.88813940416 	0.81281618887 	0.70095559303 	 
0.919279907085 	0.869337979094 	0.767711962834 	0.682926829268 	 
0.923761825264 	0.882025598219 	0.840289371174 	0.787979966611 	 
0.910490307868 	0.865450399088 	0.802166476625 	0.470353477765 	 
0.927184466019 	0.873786407767 	0.808252427184 	0.634101941748 	 
0.928571428571 	0.884987893462 	0.825060532688 	0.761501210654 	 
0.918356456777 	0.876200640342 	0.837246531483 	0.701173959445 	 
0.907865168539 	0.844943820225 	0.797752808989 	0.760112359551 	 
0.916095890411 	0.861301369863 	0.780821917808 	0.685502283105 	 
0.907376594565 	0.861342207432 	0.810870770937 	0.740987243483 	 
0.937043282743 	0.891512085441 	0.817875210793 	0.690837549185 	 
0.919860627178 	0.872241579559 	0.764227642276 	0.662601626016 	 
0.928213689482 	0.883695047301 	0.838063439065 	0.810795770729 	 
0.912200684151 	0.866590649943 	0.80330672748 	0.345496009122 	 
0.929004854369 	0.87317961165 	0.808859223301 	0.632888349515 	 
0.932203389831 	0.884382566586 	0.826876513317 	0.694309927361 	 
0.921024546425 	0.876200640342 	0.834044823906 	0.684098185699 	 
0.914606741573 	0.852247191011 	0.787078651685 	0.761797752809 	 
0.917808219178 	0.855593607306 	0.780821917808 	0.682648401826 	 
0.909595119246 	0.863560732113 	0.810870770937 	0.749861342207 	 
0.938729623384 	0.889263631254 	0.815626756605 	0.70826306914 	 
0.922764227642 	0.872241579559 	0.755516840883 	0.639953542393 	 
0.929883138564 	0.884251530328 	0.842515303283 	0.823594880356 	 
0.916191562144 	0.868871151653 	0.80330672748 	0.275370581528 	 
0.929611650485 	0.868932038835 	0.809466019417 	0.621359223301 	 
0.936440677966 	0.884382566586 	0.828692493947 	0.639225181598 	 
0.921558164354 	0.874066168623 	0.832443970117 	0.704909284952 	 
0.916292134831 	0.856179775281 	0.789325842697 	0.759550561798 	 
0.920091324201 	0.860159817352 	0.78196347032 	0.703196347032 	 
0.926788685524 	0.844703272324 	0.745424292845 	0.676095396561 	 
0.935919055649 	0.852726250703 	0.76335019674 	0.689713322091 	 
0.934378629501 	0.853658536585 	0.761324041812 	0.12950058072 	 
0.942125765164 	0.868113522538 	0.750139120757 	0.614913745131 	 
0.930444697834 	0.847206385405 	0.753705815279 	0.0 	 
0.918689320388 	0.839805825243 	0.759708737864 	0.00364077669903 	 
0.942493946731 	0.862590799031 	0.774213075061 	0.712469733656 	 
0.92636072572 	0.851654215582 	0.775880469584 	0.530416221985 	 
0.930898876404 	0.85393258427 	0.765730337079 	0.739887640449 	 
0.930936073059 	0.841894977169 	0.732305936073 	0.678652968037 	 
0.888519134775 	0.847476428175 	0.802551303383 	0.767609539656 	 
0.927487352445 	0.880831928049 	0.832490163013 	0.815064643058 	 
0.907084785134 	0.858304297329 	0.802555168409 	0.723577235772 	 
0.917640511964 	0.870895937674 	0.83305509182 	0.763494713411 	 
0.895096921323 	0.842645381984 	0.810148232611 	0.0872291904219 	 
0.912621359223 	0.862257281553 	0.807645631068 	0.0776699029126 	 
0.918280871671 	0.868644067797 	0.832324455206 	0.808716707022 	 
0.908751334045 	0.869263607257 	0.830309498399 	0.801494130203 	 
0.898314606742 	0.841573033708 	0.802247191011 	0.738764044944 	 
0.905821917808 	0.848173515982 	0.791666666667 	0.656392694064 	 
0.893510815308 	0.845812534664 	0.799223516362 	0.69384359401 	 
0.929173693086 	0.883642495784 	0.819561551433 	0.778527262507 	 
0.915214866434 	0.859465737515 	0.790940766551 	0.614982578397 	 
0.923205342237 	0.880356149137 	0.837506956038 	0.730105731775 	 
0.904789053592 	0.851197263398 	0.806727480046 	0.0 	 
0.921723300971 	0.867718446602 	0.791262135922 	0.00121359223301 	 
0.923728813559 	0.871670702179 	0.829297820823 	0.804479418886 	 
0.91408751334 	0.868729989328 	0.830843116329 	0.738527214514 	 
0.904494382022 	0.843258426966 	0.793820224719 	0.697191011236 	 
0.91095890411 	0.849315068493 	0.780821917808 	0.64897260274 	 
0.899057127011 	0.850249584027 	0.794786466999 	0.665557404326 	 
0.929735806633 	0.881956155143 	0.821810005621 	0.789207419899 	 
0.912891986063 	0.858304297329 	0.795586527294 	0.627758420441 	 
0.929326655537 	0.878130217028 	0.816360601002 	0.740122426266 	 
0.907069555302 	0.84834663626 	0.797605473204 	0.0 	 
0.917475728155 	0.855582524272 	0.790655339806 	0.00242718446602 	 
0.928571428571 	0.873486682809 	0.832929782082 	0.73607748184 	 
0.916755602988 	0.863927427962 	0.820704375667 	0.749733191035 	 
0.905056179775 	0.847752808989 	0.78595505618 	0.711797752809 	 
0.915525114155 	0.853310502283 	0.764269406393 	0.667808219178 	 
0.903494176373 	0.848031059346 	0.793677204659 	0.67332224071 	 
0.933670601461 	0.883080382237 	0.822934232715 	0.771781899944 	 
0.91637630662 	0.857723577236 	0.782229965157 	0.634727061556 	 
0.930996104619 	0.875347801892 	0.811908736784 	0.698386199221 	 
0.904218928164 	0.848916761688 	0.774230330673 	0.0 	 
0.920509708738 	0.856189320388 	0.775485436893 	0.00121359223301 	 
0.930387409201 	0.868644067797 	0.825060532688 	0.697336561743 	 
0.919957310566 	0.862860192102 	0.803628601921 	0.759338313767 	 
0.908426966292 	0.85 	0.787078651685 	0.720786516854 	 
0.918378995434 	0.856164383562 	0.742579908676 	0.679223744292 	 
0.909040488075 	0.851358846367 	0.790349417637 	0.677204658902 	 
0.933670601461 	0.879145587409 	0.823496346262 	0.737492973581 	 
0.915795586527 	0.860046457607 	0.771777003484 	0.637049941928 	 
0.938230383973 	0.880356149137 	0.811908736784 	0.704507512521 	 
0.915621436716 	0.854618015964 	0.742873432155 	0.0 	 
0.917475728155 	0.849514563107 	0.771237864078 	0.00182038834951 	 
0.932808716707 	0.863196125908 	0.820217917676 	0.700968523002 	 
0.918890074707 	0.862860192102 	0.804162219851 	0.750800426894 	 
0.912359550562 	0.855617977528 	0.797752808989 	0.730337078652 	 
0.918949771689 	0.85502283105 	0.739155251142 	0.682077625571 	 
0.910149750416 	0.855795895729 	0.780366056572 	0.682750970605 	 
0.935356942102 	0.875772906127 	0.803260258572 	0.744800449691 	 
0.915214866434 	0.855981416957 	0.774099883856 	0.639953542393 	 
0.938786867001 	0.880912632165 	0.784641068447 	0.707289927657 	 
0.916761687571 	0.85062713797 	0.745724059293 	0.0 	 
0.915655339806 	0.847087378641 	0.775485436893 	0.00364077669903 	 
0.937651331719 	0.862590799031 	0.791767554479 	0.704600484262 	 
0.919423692636 	0.859658484525 	0.789220917823 	0.518143009605 	 
0.913483146067 	0.855617977528 	0.799438202247 	0.733707865169 	 
0.916095890411 	0.856164383562 	0.74200913242 	0.684360730594 	 
